2 row 
3 col
12 3 24
45 6 17

a1
0 4  8 12 16 20 24 28
2 3 12 3  24 45 6  17

3 row
2 col
45 12
6 3
17 24

new a1
4 0 20 8  24 12 28 16
3 2 45 12 6  3  17 24

                      0 1 2 3 4 5
[ 0 1 2 3 4 5 ]  => [ 3 0 4 1 5 2 ]

    0 4 8 12 16 20 24 28 32
3 3 1 2 3 4  5  6  7  8  9

3
3
1 2 3 | row 1
4 5 6 | row 2
7 8 9 | row 3 

3 3 7 4 1 8 5 2 9 6 3

3 row
3 col
7 4 1
8 5 2
9 6 3

rotate 90

3x3
                         [ 7 4 1 8 5 2 9 6 3 ]
[ 0 1 2 3 4 5 6 7 8 ] => [ 6 3 0 7 4 1 8 5 2 ]

2x3
                    [ 4 1 5 2 6 3 ]
[ 0 1 2 3 4 5 ]  => [ 3 0 4 1 5 2 ]

3
5
99 19 12 2147483647 9
73284 45 1 0 0
2234 0 536870912 95874398 0

5
3
2234 73284 99
0 45 19
536870912 1 12
95874398 0 2147483647
0 0 9

5, 3, 2234, 73284, 99, 0, 45, 19,536870912, 1, 12,95874398, 0, 2147483647,0, 0, 9